# Created by Octave 3.4.3, Sat May 12 15:49:43 2012 India Standard Time <unknown@unknown>
# name: theta
# type: matrix
# rows: 2
# columns: 1
 0.6432039132359452
 0.636771874103586


